4294967279,384
4294967278,386
4294967279,383
4294967279,382
4294967278,385
4294967279,381
66,5
66,4
66,3
66,2
66,1
66,0
4294967279,380
65,5
65,4
65,3
65,2
65,1
65,0
64,5
64,4
64,3
64,2
64,1
64,0
4294967279,379
4294967279,378
4294967278,384
4294967279,377
4294967278,383
4294967279,376
4294967278,382
4294967279,375
4294967278,381
4294967278,380
4294967279,374
4294967278,379
4294967278,378
4294967278,377
4294967279,373
4294967278,376
4294967279,372
4294967278,375
4294967279,371
4294967278,374
4294967279,370
4294967279,369
4294967279,368
4294967278,373
4294967278,372
4294967279,367
63,5
63,4
63,3
63,2
63,1
63,0
4294967278,371
4294967279,366
62,5
62,4
62,3
62,2
62,1
62,0
61,5
61,4
61,3
61,2
61,1
61,0
4294967278,370
4294967278,369
4294967279,365
4294967278,368
4294967278,367
4294967279,364
4294967278,366
4294967278,365
4294967279,363
4294967278,364
4294967279,362
60,4
60,3
60,2
60,1
60,0
59,4
59,3
59,2
59,1
59,0
4294967278,363
4294967279,361
57,7
57,6
57,5
58,4
58,3
58,2
58,1
58,0
57,4
57,3
57,2
57,1
57,0
56,4
56,3
56,2
56,1
56,0
55,4
55,3
55,2
55,1
55,0
54,5
54,4
54,3
54,2
54,1
54,0
4294967279,360
4294967279,359
53,5
53,4
53,3
53,2
53,1
53,0
52,4
52,3
52,2
52,1
52,0
4294967294,1108
4294967278,362
4294967279,358
4294967278,361
4294967279,357
50,7
50,6
50,5
4294967279,356
51,4
51,3
51,2
51,1
51,0
4294967279,355
50,4
50,3
50,2
50,1
50,0
4294967279,354
49,4
49,3
49,2
49,1
49,0
48,4
48,3
48,2
48,1
48,0
4294967279,353
47,5
47,4
47,3
47,2
47,1
47,0
4294967279,352
4294967279,351
46,5
46,4
46,3
46,2
46,1
46,0
4294967279,350
4294967294,1111
4294967294,1109
45,4
45,3
45,2
45,1
45,0
4294967278,360
4294967278,359
4294967279,349
4294967279,348
44,4
44,3
44,2
44,1
44,0
43,4
43,3
43,2
43,1
43,0
42,4
42,3
42,2
42,1
42,0
4294967278,358
41,4
41,3
41,2
41,1
41,0
40,5
40,4
40,3
40,2
40,1
40,0
4294967279,347
4294967279,346
4294967278,357
39,5
39,4
39,3
39,2
39,1
39,0
4294967278,356
38,4
38,3
38,2
38,1
38,0
4294967278,355
4294967279,345
4294967279,344
4294967279,343
4294967278,354
4294967278,353
4294967279,342
4294967278,352
36,7
36,6
36,5
37,4
37,3
37,2
37,1
37,0
4294967278,351
36,4
36,3
36,2
36,1
36,0
4294967278,350
35,4
35,3
35,2
35,1
35,0
34,4
34,3
34,2
34,1
34,0
4294967279,341
33,5
33,4
33,3
33,2
33,1
33,0
4294967279,340
4294967294,1110
4294967279,339
4294967278,349
32,5
32,4
32,3
32,2
32,1
32,0
4294967294,746
31,4
31,3
31,2
31,1
31,0
4294967279,338
4294967278,348
4294967279,337
4294967278,347
4294967278,346
4294967279,336
29,6
29,5
4294967279,335
30,4
30,3
30,2
30,1
30,0
29,4
29,3
29,2
29,1
29,0
28,4
28,3
28,2
28,1
28,0
4294967279,334
27,4
27,3
27,2
27,1
27,0
4294967279,333
4294967279,332
26,5
4294967279,331
26,4
26,3
26,2
26,1
26,0
25,5
25,4
25,3
25,2
25,1
25,0
4294967279,330
24,4
24,3
24,2
24,1
24,0
4294967279,329
4294967279,328
4294967278,345
4294967279,327
4294967278,344
4294967278,343
4294967279,326
4294967278,342
4294967279,325
4294967279,324
4294967278,341
4294967278,340
22,7
22,6
22,5
4294967278,339
4294967278,338
4294967279,323
4294967279,322
4294967279,321
4294967278,337
4294967279,320
4294967278,336
23,4
23,3
23,2
23,1
23,0
22,4
22,3
22,2
22,1
22,0
21,4
21,3
21,2
21,1
21,0
4294967279,575
20,4
20,3
20,2
